102 46.1729534475
38 35.4742363303
183 34.0890485471
30 32.6059642554
40 26.5782107847
54 26.5696592792
31 24.9278510887
1012 23.6946759316
115 22.9510081567
28 21.4392824405
61 21.2162919057
285 20.7366069829
42 20.736537576
98 20.7131620696
16 20.7120899291
144 19.9205873672
25 19.7064039813
21 18.2916612923
198 18.0363115693
53 16.9920079457
185 16.8884540913
101 16.8876648952
424 16.6685089832
1028 15.9897057143
213 15.7635285428
273 14.3297848048
93 14.1343112629
370 14.1068899797
18 14.0932675118
602 13.8846958133
131 13.6374130683
454 13.0514316349
372 13.008928353
44 12.8927077444
157 12.7798572344
97 12.7443386625
13 12.4359593194
1030 12.2779752981
259 12.0494033855
178 11.9119572899
46 11.8782443662
297 11.6212698386
1011 11.3996934045
239 11.3783689549
68 11.2737140928
177 11.1766265705
121 11.1328662616
27 11.1147086142
674 11.1072095174
10 10.601520735
966 10.4553714121
449 10.2029626202
1019 9.95538150435
368 9.76477293576
5 9.59672648712
80 9.5358056039
269 9.51069619423
856 9.42752171476
455 9.13637791081
354 9.09305727886
413 9.07584130152
168 9.06842600412
446 8.93786000473
1318 8.84548301375
636 8.83595348927
130 8.76578302108
799 8.71298871511
244 8.69921048346
180 8.68264739542
206 8.67817322721
375 8.5821027554
70 8.53783098695
798 8.47914261313
563 8.38502277139
348 8.34987572328
69 8.28831216027
466 8.28087854412
4 8.11705187913
111 8.11462109235
1241 8.02650937252
479 8.01903079294
1841 7.96191158431
383 7.89542511476
874 7.77295598049
347 7.73056398014
218 7.70759700622
224 7.70206861928
772 7.58365970592
858 7.54022985072
17 7.53980048749
577 7.51981998343
118 7.49289740473
1140 7.39027298775
984 7.36672852322
298 7.33677293265
191 7.33568137461
1222 7.3018954347
1322 7.22521507853
214 7.1889995638
445 7.16130578835
